5260.89178 14.671 0.004
5261.82270 14.661 0.004
5262.86030 14.618 0.005
5265.87881 14.651 0.004
5266.82505 14.683 0.004
5267.85232 14.566 0.004
5268.85473 14.657 0.004
5269.81840 14.657 0.004
5270.82406 14.568 0.004
5271.81960 14.660 0.004
5272.82474 14.624 0.004
5273.80973 14.580 0.004
5274.82830 14.676 0.004
5275.81457 14.586 0.004
5276.79275 14.598 0.004
5277.84878 14.641 0.004
5278.82485 14.572 0.004
5279.82612 14.665 0.004
5280.83272 14.619 0.004
5281.81267 14.579 0.004
5282.83541 14.683 0.004
5283.79542 14.623 0.004
5283.88687 14.577 0.004
5284.80111 14.599 0.004
5285.79190 14.683 0.004
5285.92239 14.563 0.004
5286.80759 14.571 0.004
5287.86076 14.677 0.004
5288.78611 14.666 0.004
5289.83800 14.596 0.004
5293.86595 14.641 0.004
5294.83609 14.559 0.004
5295.83951 14.660 0.004
5296.87892 14.573 0.004
5297.91485 14.659 0.004
5300.85639 14.645 0.004
5301.86527 14.644 0.004
5306.85041 14.678 0.004
5307.85077 14.574 0.004
5308.83991 14.622 0.004
5309.89482 14.615 0.004
5310.89361 14.593 0.004
5312.75019 14.672 0.004
5313.78658 14.580 0.004
5314.71471 14.566 0.004
5314.92633 14.627 0.004
5315.85513 14.576 0.004
5316.81044 14.592 0.004
5320.64523 14.569 0.004
5320.85189 14.630 0.004
5321.79516 14.567 0.004
5323.68147 14.630 0.004
5323.90585 14.566 0.004
5324.83927 14.608 0.004
5325.75264 14.628 0.004
5326.63837 14.624 0.004
5326.87925 14.578 0.004
5327.82712 14.632 0.004
5328.75635 14.661 0.004
5329.71124 14.669 0.004
5334.87820 14.574 0.004
5335.85346 14.645 0.004
5336.93915 14.564 0.004
5337.94039 14.654 0.004
5339.69871 14.638 0.004
5340.65739 14.675 0.004
5340.91582 14.663 0.005
5341.84704 14.670 0.004
5342.67445 14.643 0.004
5342.87059 14.567 0.004
5343.70419 14.609 0.004
5343.91061 14.672 0.004
5348.84499 14.594 0.004
5349.78221 14.640 0.004
5350.73412 14.675 0.004
5351.89274 14.666 0.004
5352.88913 14.614 0.004
5353.82162 14.564 0.004
5354.83308 14.647 0.004
5355.77697 14.666 0.004
5357.77819 14.635 0.004
5359.74029 14.581 0.004
5361.68488 14.670 0.004
5364.52756 14.567 0.004
5365.58985 14.670 0.004
5368.63185 14.580 0.004
5376.64797 14.575 0.004
5376.84234 14.683 0.004
5377.53703 14.569 0.004
5377.77983 14.641 0.004
5378.70016 14.598 0.004
5379.50663 14.666 0.004
5379.81039 14.675 0.004
5380.51804 14.561 0.004
5380.70250 14.671 0.004
5381.55437 14.668 0.004
5381.76814 14.603 0.004
5382.64278 14.586 0.004
5383.74221 14.606 0.004
5383.75477 14.577 0.004
5385.85269 14.576 0.004
5386.54744 14.633 0.004
5386.62897 14.671 0.004
5386.71340 14.586 0.004
5387.50864 14.673 0.004
5388.47245 14.619 0.004
5388.81234 14.567 0.004
5389.76187 14.593 0.004
5390.68812 14.627 0.004
5391.54783 14.591 0.004
5392.48506 14.639 0.004
5392.81500 14.664 0.004
5393.79169 14.649 0.004
5396.77434 14.624 0.004
5403.52317 14.670 0.004
5403.71898 14.611 0.004
5404.58701 14.585 0.004
5404.79182 14.610 0.004
5405.79936 14.613 0.004
5407.65618 14.677 0.004
5408.58390 14.672 0.004
5408.77624 14.629 0.004
5409.77838 14.661 0.004
5410.78274 14.561 0.004
5412.51639 14.585 0.004
5412.73858 14.668 0.004
5414.47792 14.671 0.004
5416.63546 14.632 0.004
5418.70231 14.642 0.004
5421.71847 14.572 0.004
5423.53130 14.562 0.004
5426.59733 14.647 0.004
5430.62759 14.567 0.004
5431.62501 14.644 0.004
5432.64208 14.631 0.004
5434.59309 14.644 0.004
5435.58639 14.660 0.004
5436.66385 14.646 0.004
5438.65481 14.570 0.004
5439.65884 14.659 0.004
5443.67870 14.563 0.004
5445.50126 14.579 0.004
5446.59086 14.621 0.004
5447.62525 14.638 0.004
5449.53358 14.652 0.004
5450.62138 14.658 0.004
5453.58538 14.655 0.004
5458.48140 14.580 0.004
5459.52744 14.662 0.004
5463.49251 14.627 0.004
5464.48480 14.586 0.004
5466.54263 14.582 0.004
5469.61072 14.644 0.004
5471.60234 14.589 0.004
5473.53352 14.660 0.004
5478.53331 14.668 0.004
5480.57377 14.661 0.004
5485.56471 14.619 0.004
5487.55638 14.571 0.004
5490.49497 14.601 0.004
5494.53044 14.669 0.004
5499.50303 14.627 0.004
5620.88064 14.672 0.004
5621.90294 14.563 0.004
5624.89408 14.578 0.004
5626.86532 14.630 0.004
5628.82475 14.654 0.004
5629.85143 14.607 0.004
5631.88075 14.658 0.004
5633.83467 14.615 0.004
5635.86756 14.582 0.004
5637.91032 14.566 0.004
5638.86838 14.614 0.004
5639.82344 14.672 0.004
5640.82862 14.599 0.004
5640.91720 14.583 0.004
5641.82699 14.607 0.004
5641.86516 14.642 0.004
5642.78692 14.666 0.004
5642.90898 14.587 0.004
5643.81093 14.586 0.004
5643.91192 14.613 0.004
5644.82109 14.632 0.004
5647.75163 14.605 0.004
5647.79592 14.639 0.004
5647.83251 14.665 0.004
5647.86435 14.670 0.004
5647.91575 14.625 0.004
5648.82769 14.609 0.004
5648.91522 14.581 0.004
5649.81067 14.583 0.004
5649.91340 14.672 0.004
5650.82303 14.679 0.004
5650.91595 14.593 0.004
5651.82412 14.575 0.004
5652.76117 14.574 0.004
5652.86635 14.664 0.004
5653.92168 14.560 0.004
5654.84273 14.579 0.004
5655.75682 14.608 0.004
5655.83312 14.662 0.004
5656.78774 14.668 0.004
5656.87571 14.562 0.004
5657.83266 14.601 0.004
5657.92256 14.675 0.004
5658.84559 14.672 0.004
5658.92512 14.581 0.005
5659.77787 14.637 0.004
5659.86086 14.563 0.004
5660.74722 14.565 0.004
5660.83598 14.641 0.004
5660.83746 14.638 0.004
5662.74230 14.641 0.004
5662.84377 14.575 0.004
5662.92386 14.649 0.004
5664.78907 14.661 0.004
5664.89197 14.563 0.004
5665.76890 14.569 0.004
5665.88660 14.644 0.004
5667.81344 14.599 0.004
5668.81555 14.607 0.004
5669.80290 14.670 0.004
5670.77807 14.591 0.004
5671.76069 14.595 0.004
5675.85862 14.564 0.004
5676.76597 14.560 0.004
5677.72089 14.622 0.004
5677.90771 14.584 0.004
5679.81980 14.645 0.004
5680.71123 14.646 0.004
5680.89692 14.566 0.004
5681.79197 14.560 0.004
5682.69040 14.559 0.004
5682.91136 14.632 0.004
5683.86354 14.558 0.004
5684.76753 14.564 0.004
5685.74605 14.638 0.004
5685.94073 14.562 0.005
5686.84873 14.565 0.004
5687.73043 14.561 0.004
5688.91535 14.565 0.004
5690.64349 14.596 0.004
5690.84117 14.671 0.004
5691.77734 14.666 0.004
5692.66623 14.662 0.004
5692.84760 14.633 0.004
5693.68525 14.575 0.004
5693.86930 14.653 0.004
5694.68666 14.675 0.004
5694.87726 14.583 0.004
5695.74140 14.565 0.004
5695.91692 14.665 0.004
5696.74402 14.662 0.004
5696.92741 14.569 0.004
5697.75051 14.613 0.004
5697.91407 14.650 0.004
5698.75009 14.590 0.004
5698.91071 14.656 0.004
5705.71277 14.666 0.004
5705.90354 14.636 0.004
5706.85932 14.668 0.004
5707.72445 14.669 0.004
5707.88323 14.559 0.004
5708.71709 14.625 0.004
5708.90162 14.662 0.004
5712.57685 14.610 0.004
5712.79285 14.676 0.004
5713.79584 14.575 0.004
5713.80829 14.568 0.004
5714.87461 14.669 0.004
5715.74681 14.665 0.004
5716.58192 14.650 0.004
5716.81534 14.581 0.004
5721.67423 14.668 0.004
5721.68681 14.675 0.004
5721.69998 14.670 0.004
5721.89773 14.620 0.004
5722.73003 14.567 0.004
5722.74351 14.578 0.004
5723.62259 14.568 0.004
5723.79066 14.671 0.004
5724.65063 14.670 0.004
5725.54372 14.679 0.004
5725.76627 14.632 0.004
5726.67465 14.648 0.004
5734.61459 14.584 0.004
5734.83297 14.588 0.004
5735.77580 14.566 0.004
5736.52398 14.679 0.004
5736.69142 14.587 0.004
5737.52488 14.564 0.004
5737.71296 14.677 0.004
5737.88090 14.590 0.004
5738.73998 14.566 0.004
5739.61000 14.561 0.004
5739.79375 14.668 0.004
5740.59015 14.628 0.004
5740.79800 14.565 0.004
5741.56316 14.677 0.004
5741.74533 14.597 0.004
5742.49544 14.651 0.004
5742.68022 14.642 0.004
5742.83387 14.594 0.004
5743.73082 14.590 0.004
5743.88259 14.659 0.004
5744.66228 14.557 0.004
5744.86695 14.649 0.004
5745.64148 14.645 0.004
5745.81618 14.573 0.004
5746.67957 14.612 0.004
5746.85892 14.668 0.004
5747.75109 14.667 0.004
5749.52857 14.665 0.004
5749.69490 14.561 0.004
5752.57298 14.664 0.004
5760.46841 14.639 0.004
5760.66167 14.564 0.004
5760.82745 14.680 0.004
5762.52766 14.624 0.004
5763.56381 14.631 0.004
5763.74984 14.656 0.004
5764.56620 14.590 0.004
5764.75076 14.633 0.004
5765.63549 14.636 0.004
5766.49746 14.666 0.004
5766.68153 14.630 0.004
5767.56155 14.621 0.004
5767.76935 14.572 0.004
5768.61876 14.614 0.004
5768.79458 14.658 0.004
5769.66439 14.646 0.004
5770.74151 14.565 0.004
5776.59085 14.650 0.004
5777.50985 14.617 0.004
5777.76094 14.666 0.004
5779.58590 14.617 0.004
5785.61331 14.583 0.004
5786.55722 14.641 0.004
5786.74556 14.567 0.004
5787.59297 14.608 0.004
5788.49488 14.604 0.004
5788.67966 14.678 0.004
5790.57604 14.596 0.004
5790.73680 14.663 0.004
5793.58523 14.557 0.004
5793.74228 14.675 0.004
5794.65994 14.668 0.004
5795.71334 14.605 0.004
5796.46994 14.635 0.004
5796.57652 14.574 0.004
5796.63872 14.631 0.004
5796.68554 14.666 0.004
5801.56070 14.578 0.004
5802.54970 14.618 0.004
5804.54489 14.567 0.004
5805.49383 14.588 0.004
5805.68420 14.627 0.004
5807.62484 14.657 0.004
5812.60705 14.601 0.004
5813.59096 14.661 0.004
5815.55913 14.584 0.004
5816.53932 14.665 0.004
5817.54056 14.624 0.004
5818.52201 14.576 0.004
5819.52160 14.681 0.004
5820.49934 14.633 0.004
5820.65828 14.643 0.004
5822.58793 14.615 0.004
5823.51966 14.576 0.004
5823.60658 14.619 0.004
5824.54354 14.667 0.004
5824.62405 14.666 0.004
5825.56156 14.602 0.004
5826.48447 14.573 0.004
5826.57182 14.623 0.004
5827.51080 14.672 0.004
5827.59129 14.658 0.004
5828.52404 14.604 0.004
5828.59957 14.581 0.004
5829.53497 14.625 0.004
5829.61095 14.676 0.004
5830.54808 14.670 0.004
5831.52012 14.563 0.004
5831.59506 14.609 0.004
5832.54118 14.658 0.004
5833.48757 14.671 0.004
5833.57881 14.576 0.004
5834.53830 14.583 0.004
5835.51929 14.668 0.004
5836.52186 14.617 0.004
5836.58542 14.564 0.004
5839.54277 14.568 0.004
5840.50281 14.629 0.004
5840.58862 14.677 0.004
5841.51517 14.676 0.004
5841.59779 14.579 0.004
5842.56132 14.611 0.004
5843.51873 14.668 0.004
5843.60004 14.668 0.004
5844.54251 14.598 0.004
5845.50339 14.590 0.004
5845.58358 14.661 0.004
5846.54529 14.681 0.004
5850.56928 14.605 0.004
5851.53243 14.672 0.004
5851.57921 14.672 0.004
5852.56215 14.574 0.004
5854.55326 14.668 0.004
5856.54849 14.650 0.004
5858.51455 14.570 0.004
5860.49746 14.657 0.004
5861.52968 14.605 0.004
5862.53095 14.677 0.004
5969.87566 14.667 0.004
5972.88004 14.664 0.004
5977.85686 14.669 0.004
5978.85556 14.605 0.004
5979.84526 14.594 0.004
5980.86548 14.672 0.004
5982.86970 14.655 0.004
5983.88186 14.621 0.004
5984.86599 14.580 0.004
5985.85001 14.659 0.004
5986.83127 14.645 0.004
5987.82417 14.567 0.004
5987.89600 14.637 0.004
5988.88349 14.661 0.004
5989.85853 14.577 0.004
5990.82302 14.612 0.004
5991.81690 14.668 0.004
5991.89111 14.614 0.004
5992.85660 14.567 0.004
5993.83627 14.646 0.004
5994.81126 14.665 0.004
5994.89547 14.564 0.004
5995.82423 14.566 0.004
5995.90799 14.645 0.004
5996.85004 14.676 0.004
5997.80584 14.637 0.004
5997.89218 14.563 0.004
5998.84376 14.611 0.004
5999.78475 14.659 0.004
5999.86574 14.652 0.004
6003.85404 14.589 0.004
6004.78587 14.634 0.004
6004.88225 14.673 0.004
6005.80351 14.643 0.004
6005.90884 14.570 0.004
6006.82856 14.600 0.004
6006.91719 14.668 0.004
6007.82995 14.668 0.004
6007.91582 14.596 0.004
6008.82375 14.580 0.004
6008.91137 14.601 0.004
6009.82639 14.629 0.004
6009.91082 14.671 0.004
6010.81808 14.665 0.004
6010.90566 14.570 0.004
6011.79814 14.566 0.004
6011.91181 14.626 0.004
6012.81303 14.642 0.004
6012.90924 14.656 0.004
6013.80693 14.652 0.004
6013.90970 14.567 0.004
6014.78327 14.568 0.004
6014.88204 14.647 0.004
6015.76123 14.632 0.004
6016.74105 14.672 0.004
6016.82139 14.588 0.004
6017.73088 14.570 0.004
6017.80737 14.603 0.004
6017.90485 14.665 0.004
6018.79614 14.672 0.004
6018.87782 14.618 0.004
6019.77435 14.607 0.004
6019.87084 14.589 0.004
6020.72929 14.565 0.004
6020.82393 14.650 0.004
6020.90239 14.664 0.004
6021.76248 14.678 0.004
6021.84022 14.615 0.004
6022.71077 14.647 0.004
6022.78748 14.556 0.004
6022.88360 14.637 0.004
6023.74345 14.608 0.004
6023.82370 14.665 0.004
6024.70214 14.658 0.004
6024.78076 14.650 0.004
6024.89248 14.573 0.004
6025.75585 14.563 0.004
6025.84889 14.639 0.004
6032.82160 14.604 0.004
6033.74408 14.571 0.004
6034.69314 14.581 0.004
6034.92800 14.568 0.004
6036.79534 14.608 0.004
6036.82041 14.639 0.004
6037.76935 14.678 0.004
6038.73825 14.626 0.004
6039.73293 14.589 0.004
6039.92315 14.629 0.004
6040.91000 14.580 0.004
6041.86254 14.641 0.004
6046.90863 14.647 0.004
6047.79988 14.641 0.004
6048.74003 14.673 0.004
6048.92993 14.597 0.004
6049.86132 14.638 0.004
6050.73682 14.619 0.004
6050.92476 14.585 0.004
6052.75239 14.562 0.004
6052.90991 14.667 0.004
6053.78311 14.677 0.004
6054.88036 14.616 0.004
6058.80218 14.663 0.004
6059.69873 14.671 0.004
6059.87398 14.569 0.004
6061.76337 14.661 0.004
6061.93007 14.566 0.004
6062.82349 14.564 0.004
6063.79266 14.634 0.004
6064.71620 14.651 0.004
6064.90052 14.561 0.004
6065.73585 14.597 0.004
6066.66437 14.566 0.004
6066.84747 14.679 0.004
6067.65116 14.636 0.004
6067.82847 14.587 0.004
6068.65165 14.659 0.004
6068.87059 14.664 0.004
6069.60593 14.579 0.004
6069.81297 14.676 0.004
6070.61557 14.637 0.004
6070.78053 14.598 0.004
6071.58859 14.676 0.004
6071.75492 14.581 0.004
6071.92495 14.658 0.004
6075.74105 14.672 0.004
6076.60232 14.666 0.004
6076.78702 14.579 0.004
6077.70285 14.602 0.004
6077.90334 14.592 0.004
6078.70045 14.676 0.004
6078.88680 14.604 0.004
6079.68035 14.589 0.004
6079.88086 14.679 0.004
6080.64811 14.587 0.004
6080.82551 14.645 0.004
6081.60545 14.648 0.004
6081.77883 14.568 0.004
6082.59751 14.652 0.004
6082.80336 14.659 0.004
6082.88147 14.665 0.005
6085.60098 14.612 0.004
6085.77444 14.658 0.004
6085.93218 14.571 0.004
6086.71713 14.679 0.004
6086.89986 14.605 0.004
6087.80837 14.628 0.004
6088.65196 14.579 0.004
6089.76571 14.585 0.004
6092.61224 14.669 0.004
6092.89711 14.667 0.004
6093.69229 14.582 0.004
6094.55598 14.566 0.004
6094.75270 14.658 0.004
6094.91439 14.620 0.004
6096.76392 14.670 0.004
6097.66680 14.673 0.004
6097.85385 14.594 0.004
6098.64926 14.606 0.004
6098.83001 14.668 0.004
6099.83939 14.602 0.004
6100.68598 14.653 0.004
6100.86319 14.635 0.004
6101.62782 14.595 0.004
6101.80717 14.672 0.004
6102.60239 14.589 0.004
6102.76823 14.650 0.004
6103.51849 14.623 0.004
6103.69736 14.594 0.004
6104.51985 14.676 0.004
6104.68087 14.596 0.004
6104.84735 14.646 0.004
6105.60533 14.628 0.004
6106.56838 14.678 0.004
6108.60827 14.665 0.004
6108.78256 14.560 0.004
6109.76869 14.643 0.004
6109.85478 14.671 0.004
6113.57931 14.605 0.004
6113.73778 14.648 0.004
6114.58760 14.673 0.004
6114.75903 14.587 0.004
6115.52406 14.639 0.004
6115.71200 14.658 0.004
6116.56460 14.616 0.004
6116.74663 14.589 0.004
6117.54232 14.678 0.004
6117.72120 14.592 0.004
6118.49491 14.635 0.004
6118.67939 14.648 0.004
6118.83503 14.578 0.004
6119.63205 14.673 0.004
6119.78017 14.583 0.004
6120.66684 14.574 0.004
6120.83444 14.672 0.004
6121.64575 14.658 0.004
6121.78753 14.590 0.004
6123.67911 14.617 0.004
6123.83220 14.639 0.004
6124.68536 14.675 0.004
6125.51410 14.663 0.004
6125.68758 14.562 0.004
6126.51138 14.624 0.004
6126.72248 14.670 0.004
6127.63740 14.672 0.004
6128.61714 14.575 0.004
6130.79906 14.620 0.004
6131.69658 14.633 0.004
6131.76987 14.679 0.004
6132.72021 14.642 0.004
6133.67973 14.563 0.004
6134.57923 14.573 0.004
6135.54860 14.629 0.004
6135.77038 14.566 0.004
6136.75864 14.658 0.004
6140.55752 14.589 0.004
6140.73073 14.641 0.005
6141.58390 14.676 0.004
6141.74948 14.602 0.004
6142.68561 14.647 0.004
6147.63619 14.573 0.004
6148.57389 14.602 0.004
6149.59406 14.677 0.004
6150.47454 14.674 0.004
6150.61541 14.576 0.004
6151.51906 14.590 0.004
6151.60982 14.673 0.004
6151.68200 14.667 0.004
6152.48637 14.661 0.004
6152.55699 14.680 0.004
6152.67032 14.563 0.004
6153.66898 14.657 0.004
6154.47825 14.584 0.004
6154.63516 14.666 0.004
6154.71241 14.587 0.004
6157.63770 14.642 0.004
6157.68352 14.582 0.004
6158.50378 14.661 0.004
6158.58126 14.574 0.004
6158.68588 14.639 0.004
6159.51539 14.579 0.004
6159.56983 14.640 0.004
6159.61737 14.667 0.004
6160.49618 14.665 0.004
6160.60700 14.636 0.004
6160.71758 14.602 0.004
6161.50356 14.625 0.004
6161.67115 14.654 0.004
6161.70326 14.676 0.004
6163.65247 14.579 0.004
6164.50543 14.573 0.004
6164.56917 14.589 0.004
6164.63923 14.663 0.004
6165.58280 14.683 0.004
6165.62452 14.656 0.004
6165.66771 14.598 0.004
6165.70020 14.567 0.004
6166.69601 14.644 0.004
6167.52885 14.587 0.004
6167.62066 14.649 0.004
6167.66912 14.670 0.004
6167.67090 14.666 0.004
6168.54791 14.673 0.004
6168.63856 14.594 0.004
6168.69013 14.564 0.004
6169.51129 14.628 0.004
6169.59897 14.578 0.004
6169.66325 14.649 0.004
6171.53979 14.668 0.004
6171.62746 14.574 0.004
6172.52641 14.562 0.004
6172.59606 14.605 0.004
6172.67952 14.672 0.004
6174.57576 14.587 0.004
6175.54721 14.595 0.004
6179.49049 14.677 0.004
6179.52696 14.674 0.004
6179.57815 14.646 0.004
6179.62163 14.588 0.004
6180.50894 14.587 0.004
6180.53771 14.566 0.004
6180.59289 14.600 0.004
6180.67368 14.665 0.004
6181.51269 14.629 0.004
6181.57953 14.680 0.004
6181.64239 14.657 0.004
6182.49598 14.672 0.004
6182.57500 14.595 0.004
6182.65614 14.597 0.004
6183.58464 14.625 0.004
6184.53575 14.667 0.004
6184.57435 14.667 0.004
6184.65453 14.591 0.004
6185.52709 14.613 0.004
6185.63471 14.597 0.004
6186.48282 14.573 0.004
6186.52727 14.605 0.004
6190.51849 14.666 0.004
6190.55086 14.641 0.004
6191.57143 14.614 0.004
6191.58943 14.629 0.004
6191.63286 14.660 0.004
6195.53374 14.670 0.004
6195.61173 14.609 0.004
6196.53162 14.578 0.004
6196.61339 14.615 0.004
6197.53301 14.639 0.004
6198.50116 14.682 0.004
6199.55360 14.590 0.004
6200.58110 14.684 0.004
6201.51205 14.658 0.004
6202.51726 14.602 0.004
6202.59281 14.662 0.004
6203.49819 14.675 0.004
6203.58444 14.657 0.004
6204.53805 14.577 0.004
6204.61480 14.602 0.004
6205.48379 14.586 0.004
6205.56089 14.653 0.004
6207.56037 14.600 0.004
6207.56238 14.593 0.004
6208.50924 14.643 0.004
6209.54611 14.621 0.004
6209.56845 14.585 0.004
6210.48596 14.575 0.004
6210.53181 14.588 0.004
6210.60463 14.668 0.004
6211.48661 14.653 0.004
6211.56295 14.674 0.004
6211.60135 14.638 0.004
6212.48363 14.648 0.004
6212.55895 14.561 0.004
6213.48848 14.591 0.004
6213.51098 14.611 0.004
6213.57923 14.673 0.004
6214.48994 14.673 0.004
6214.56535 14.663 0.004
6215.52276 14.577 0.004
6216.48733 14.622 0.004
6216.56825 14.679 0.004
6217.48887 14.672 0.004
6217.52396 14.649 0.004
6218.49892 14.564 0.004
6218.57557 14.636 0.004
6219.49274 14.656 0.004
6219.50337 14.662 0.004
6223.52399 14.571 0.004
6223.56329 14.581 0.004
6224.50952 14.630 0.004
6225.55288 14.617 0.004
6226.49601 14.559 0.004
6227.51035 14.666 0.004
6230.52161 14.664 0.004
6231.49593 14.602 0.004
6232.49393 14.617 0.005
6232.49761 14.623 0.004
6233.49624 14.682 0.005
6233.52263 14.657 0.004
6234.50051 14.571 0.004
6235.50303 14.650 0.004
6237.50123 14.569 0.004
6238.50500 14.668 0.004
6239.50707 14.601 0.004
6334.86374 14.666 0.004
6335.84818 14.630 0.004
6337.89331 14.673 0.004
6338.87310 14.570 0.004
6340.84375 14.670 0.004
6341.88130 14.585 0.004
6343.84614 14.654 0.004
6344.85917 14.594 0.004
6345.87842 14.672 0.004
6347.88117 14.642 0.004
6348.87857 14.657 0.004
6349.88626 14.582 0.004
6350.89791 14.677 0.004
6351.90406 14.570 0.004
6352.89526 14.619 0.004
6353.88390 14.667 0.004
6354.88853 14.559 0.004
6360.79818 14.580 0.004
6360.88315 14.600 0.004
6361.85854 14.669 0.004
6362.80658 14.664 0.004
6362.89534 14.562 0.004
6363.86793 14.614 0.004
6367.87166 14.631 0.004
6368.80913 14.574 0.004
6368.90155 14.616 0.004
6369.84236 14.657 0.004
6370.79453 14.671 0.004
6370.88656 14.575 0.004
6371.80807 14.558 0.004
6371.89908 14.639 0.004
6372.81034 14.658 0.004
6372.89260 14.661 0.004
6373.82727 14.604 0.004
6373.90628 14.582 0.004
6374.83350 14.612 0.004
6374.91454 14.670 0.004
6375.84850 14.657 0.004
6376.75611 14.661 0.004
6376.84460 14.564 0.004
6377.75454 14.569 0.004
6377.85636 14.667 0.004
6378.76367 14.671 0.004
6378.85142 14.633 0.004
6379.75134 14.616 0.004
6379.83828 14.578 0.004
6380.75111 14.608 0.004
6380.85274 14.670 0.004
6381.77181 14.675 0.004
6381.85969 14.570 0.004
6382.76624 14.562 0.004
6382.84383 14.620 0.004
6386.75934 14.670 0.004
6386.85865 14.628 0.004
6387.74819 14.630 0.004
6387.83099 14.566 0.004
6387.91453 14.648 0.004
6388.74807 14.591 0.004
6388.85920 14.676 0.004
6388.87530 14.675 0.004
6389.75092 14.679 0.004
6389.84000 14.600 0.004
6389.92297 14.577 0.004
6390.78775 14.564 0.004
6390.87228 14.631 0.004
6391.79580 14.665 0.004
6393.79364 14.594 0.004
6394.74812 14.660 0.004
6395.71309 14.671 0.004
6395.89102 14.621 0.004
6396.85072 14.675 0.004
6397.78782 14.665 0.004
6398.70586 14.641 0.004
6398.88654 14.644 0.004
6399.80798 14.668 0.004
6400.76088 14.667 0.004
6401.72333 14.577 0.004
6401.90169 14.670 0.004
6402.82692 14.666 0.004
6403.73599 14.652 0.004
6403.91738 14.640 0.004
6404.84521 14.664 0.004
6405.82581 14.636 0.004
6405.86214 14.589 0.004
6406.87843 14.621 0.004
6407.79034 14.644 0.004
6408.74488 14.681 0.004
6409.84371 14.628 0.004
6415.80417 14.659 0.004
6416.69054 14.660 0.004
6416.90746 14.577 0.004
6417.80131 14.586 0.004
6418.66356 14.569 0.004
6418.82613 14.664 0.004
6419.71240 14.671 0.004
6419.88822 14.600 0.004
6420.73003 14.568 0.004
6420.91339 14.667 0.004
6422.68595 14.671 0.004
6423.64813 14.590 0.004
6423.85574 14.672 0.004
6424.69659 14.652 0.004
6424.89178 14.568 0.004
6426.80420 14.674 0.004
6427.93271 14.631 0.004
6428.78790 14.597 0.004
6431.78827 14.630 0.004
6432.64272 14.603 0.004
6432.81083 14.642 0.004
6433.61510 14.682 0.004
6433.79773 14.566 0.004
6434.69950 14.582 0.004
6434.88986 14.634 0.004
6435.74006 14.672 0.004
6435.91894 14.613 0.004
6436.71837 14.566 0.004
6436.90605 14.672 0.004
6437.84188 14.656 0.004
6441.70195 14.655 0.004
6441.76507 14.562 0.004
6441.94777 14.687 0.004
6442.72888 14.601 0.004
6442.90320 14.623 0.004
6443.65658 14.642 0.004
6444.72584 14.576 0.004
6444.73579 14.568 0.004
6444.93405 14.687 0.004
6445.74778 14.653 0.004
6445.94802 14.563 0.004
6446.72664 14.661 0.004
6446.93183 14.653 0.004
6447.69854 14.574 0.004
6447.87594 14.671 0.004
6448.63845 14.588 0.004
6448.82408 14.643 0.004
6449.59753 14.653 0.004
6449.78362 14.560 0.004
6450.56368 14.671 0.004
6450.73308 14.601 0.004
6450.90233 14.633 0.004
6451.66409 14.644 0.004
6451.84971 14.570 0.004
6452.62823 14.676 0.004
6452.86373 14.653 0.004
6454.63786 14.655 0.004
6454.82284 14.573 0.004
6455.60232 14.667 0.004
6456.60399 14.568 0.004
6456.79037 14.675 0.004
6457.76368 14.584 0.004
6458.54882 14.684 0.004
6458.72256 14.594 0.004
6458.89962 14.653 0.004
6459.66649 14.635 0.004
6459.85535 14.569 0.004
6460.72169 14.584 0.004
6461.61202 14.586 0.004
6461.82381 14.677 0.004
6462.69129 14.674 0.004
6463.55381 14.658 0.004
6463.74323 14.570 0.004
6464.56229 14.609 0.004
6464.74169 14.662 0.004
6468.54713 14.625 0.004
6468.74242 14.570 0.004
6469.61086 14.594 0.004
6469.83102 14.675 0.004
6472.79051 14.672 0.004
6473.56615 14.611 0.004
6473.75176 14.608 0.004
6474.51066 14.664 0.004
6474.68463 14.562 0.004
6474.86671 14.679 0.004
6475.67081 14.626 0.004
6475.84439 14.593 0.004
6476.61058 14.675 0.004
6476.79871 14.578 0.004
6477.60392 14.625 0.004
6477.79191 14.675 0.004
6478.65369 14.657 0.004
6480.61769 14.579 0.004
6480.80259 14.678 0.004
6481.62878 14.664 0.004
6482.78857 14.640 0.004
6484.52378 14.593 0.004
6485.60319 14.634 0.004
6485.82351 14.669 0.004
6486.56278 14.565 0.004
6486.77188 14.650 0.004
6487.56244 14.662 0.004
6487.76086 14.566 0.004
6490.63942 14.634 0.004
6491.48550 14.670 0.004
6491.70516 14.651 0.004
6492.51906 14.590 0.004
6492.71493 14.632 0.004
6496.54264 14.673 0.004
6497.63807 14.665 0.004
6498.47149 14.597 0.004
6498.65175 14.624 0.004
6499.48575 14.682 0.004
6500.61062 14.667 0.004
6501.62211 14.621 0.004
6501.78955 14.659 0.004
6505.53704 14.567 0.004
6505.73679 14.670 0.004
6506.66466 14.623 0.004
6507.72520 14.663 0.004
6508.63394 14.668 0.004
6509.54758 14.671 0.004
6509.72535 14.584 0.004
6510.61546 14.580 0.004
6511.54711 14.636 0.004
6512.72443 14.619 0.004
6514.67708 14.611 0.004
6515.62847 14.565 0.004
6516.62012 14.664 0.004
6518.63272 14.592 0.004
6519.58555 14.656 0.004
6523.51804 14.663 0.004
6524.61947 14.648 0.004
6525.62548 14.645 0.004
6527.63021 14.677 0.004
6530.67493 14.635 0.004
6531.68007 14.602 0.004
6532.67550 14.677 0.004
6534.54927 14.597 0.004
6536.47948 14.654 0.004
6538.57044 14.652 0.004
6539.62410 14.566 0.004
6541.62120 14.641 0.004
6544.52246 14.673 0.004
6545.57553 14.567 0.004
6546.61816 14.676 0.004
6552.58166 14.660 0.004
6556.64090 14.649 0.004
6559.51384 14.561 0.004
6560.57194 14.666 0.004
6562.53119 14.609 0.004
6563.57418 14.642 0.004
6564.51247 14.577 0.004
6564.59821 14.606 0.004
6565.57580 14.672 0.004
6568.54866 14.669 0.004
6569.50932 14.643 0.004
6569.59146 14.562 0.004
6570.56921 14.638 0.004
6571.58168 14.632 0.004
6572.54186 14.559 0.004
6573.50503 14.609 0.004
6573.59242 14.665 0.004
6578.56484 14.631 0.004
6579.52138 14.663 0.004
6581.57697 14.653 0.004
6582.58125 14.610 0.004
6583.57154 14.592 0.004
6584.57166 14.656 0.004
6585.56824 14.580 0.004
6590.53994 14.652 0.004
6592.54805 14.660 0.004
6593.53071 14.638 0.004
6698.86551 14.564 0.004
6700.87068 14.642 0.004
6702.88919 14.682 0.004
6705.86234 14.662 0.004
6707.85985 14.643 0.004
6708.88290 14.639 0.004
6710.83943 14.650 0.004
6715.83314 14.604 0.004
6716.82699 14.676 0.004
6717.82933 14.575 0.004
6718.84715 14.654 0.004
6719.84482 14.648 0.004
6720.82065 14.567 0.004
6721.80411 14.654 0.004
6721.89281 14.665 0.004
6722.87875 14.559 0.004
6723.85526 14.616 0.004
6724.83559 14.680 0.004
6725.81001 14.600 0.004
6725.90537 14.592 0.004
6726.87356 14.661 0.004
6727.84233 14.656 0.004
6728.80975 14.564 0.004
6728.90541 14.629 0.004
6729.86486 14.673 0.004
6730.81585 14.652 0.004
6731.86468 14.632 0.004
6732.82389 14.671 0.004
6732.91425 14.611 0.004
6733.85633 14.560 0.004
6734.79107 14.590 0.004
6734.88675 14.670 0.004
6735.83457 14.662 0.004
6736.76596 14.626 0.004
6736.86934 14.587 0.004
6737.82076 14.645 0.004
6737.89875 14.676 0.004
6742.82685 14.611 0.004
6742.91304 14.672 0.004
6744.83573 14.567 0.004
6745.76941 14.603 0.004
6745.83079 14.658 0.004
6745.91793 14.670 0.004
6746.82420 14.655 0.004
6747.83299 14.583 0.004
6748.79120 14.659 0.004
6749.80204 14.634 0.004
6750.81629 14.596 0.004
6751.84270 14.669 0.004
6752.81624 14.572 0.004
6754.80469 14.679 0.004
6755.82554 14.577 0.004
6756.77913 14.633 0.004
6757.73961 14.680 0.004
6757.92590 14.592 0.004
6759.71171 14.587 0.004
6759.90246 14.611 0.004
6760.85205 14.566 0.004
6761.78895 14.600 0.004
6762.73455 14.644 0.004
6763.70799 14.663 0.004
6763.89031 14.630 0.004
6764.81879 14.656 0.004
6765.74175 14.673 0.004
6765.92517 14.581 0.004
6768.89938 14.599 0.004
6769.79785 14.608 0.004
6770.69882 14.613 0.004
6770.86149 14.628 0.004
6771.81162 14.563 0.004
6772.72204 14.572 0.004
6772.91640 14.651 0.004
6773.83462 14.626 0.004
6774.74768 14.590 0.004
6775.71194 14.588 0.004
6775.91498 14.611 0.004
6776.82963 14.578 0.004
6777.81072 14.609 0.004
6784.72330 14.684 0.004
6784.90578 14.587 0.004
6785.70198 14.609 0.004
6785.90172 14.665 0.004
6786.71044 14.612 0.004
6786.92427 14.574 0.004
6789.68106 14.621 0.004
6789.85517 14.603 0.004
6790.71150 14.655 0.004
6790.88336 14.634 0.004
6791.72431 14.590 0.004
6791.89503 14.654 0.004
6792.71467 14.686 0.004
6792.87416 14.565 0.004
6796.66774 14.622 0.004
6796.84043 14.656 0.004
6797.70498 14.639 0.004
6797.87277 14.590 0.004
6798.86482 14.611 0.004
6803.64807 14.650 0.004
6803.82061 14.574 0.004
6804.58876 14.687 0.004
6804.76975 14.587 0.004
6804.93540 14.668 0.004
6805.75964 14.676 0.004
6805.93109 14.579 0.004
6807.71787 14.584 0.004
6807.88669 14.675 0.004
6808.67811 14.647 0.004
6809.64905 14.687 0.004
6809.85908 14.640 0.004
6810.65038 14.573 0.004
6810.84557 14.677 0.004
6811.61493 14.616 0.004
6811.81171 14.604 0.004
6813.67438 14.601 0.004
6813.87375 14.608 0.004
6814.71028 14.668 0.004
6814.88931 14.632 0.004
6815.67761 14.586 0.004
6815.89098 14.669 0.004
6816.73074 14.677 0.004
6817.58987 14.656 0.004
6817.76667 14.569 0.004
6817.93426 14.689 0.004
6819.59422 14.581 0.004
6819.74658 14.668 0.004
6823.75628 14.590 0.004
6823.91747 14.667 0.004
6824.72904 14.668 0.004
6824.90050 14.570 0.004
6825.69400 14.657 0.004
6825.87636 14.644 0.004
6826.63418 14.596 0.004
6826.83398 14.673 0.004
6827.62124 14.609 0.004
6827.83057 14.587 0.004
6828.59317 14.664 0.004
6828.80198 14.596 0.004
6829.54704 14.667 0.004
6829.73268 14.642 0.004
6830.52249 14.578 0.004
6830.71100 14.682 0.004
6830.88094 14.612 0.004
6831.79042 14.621 0.004
6832.59111 14.573 0.004
6832.77856 14.679 0.004
6833.60938 14.664 0.004
6833.79568 14.566 0.004
6834.57301 14.678 0.004
6834.75652 14.632 0.004
6835.58136 14.573 0.004
6835.76417 14.672 0.004
6836.55095 14.643 0.004
6836.73837 14.573 0.004
6837.52469 14.683 0.004
6837.70571 14.601 0.004
6837.85982 14.655 0.004
6838.64017 14.651 0.004
6838.82401 14.570 0.004
6839.60847 14.679 0.004
6839.79544 14.620 0.004
6840.60845 14.579 0.004
6840.80012 14.674 0.004
6841.68953 14.673 0.004
6841.84584 14.598 0.004
6842.67386 14.570 0.004
6842.83712 14.683 0.004
6844.62351 14.671 0.004
6844.81202 14.591 0.004
6845.55407 14.666 0.004
6845.73394 14.625 0.004
6847.51074 14.623 0.004
6847.65376 14.636 0.004
6847.79146 14.612 0.004
6851.53838 14.603 0.004
6851.71034 14.666 0.004
6852.52660 14.609 0.004
6852.72860 14.607 0.004
6855.50336 14.616 0.004
6855.69137 14.597 0.004
6856.48731 14.680 0.004
6856.67268 14.592 0.004
6857.48898 14.574 0.004
6857.67358 14.671 0.004
6858.50149 14.646 0.004
6858.68677 14.565 0.004
6859.63465 14.595 0.004
6862.58693 14.583 0.004
6862.76278 14.663 0.004
6863.63313 14.668 0.004
6864.47178 14.673 0.004
6864.66172 14.581 0.004
6865.69405 14.679 0.004
6870.56189 14.562 0.004
6871.55581 14.649 0.004
6872.64978 14.562 0.004
6874.50242 14.636 0.004
6879.54671 14.635 0.004
6879.75827 14.563 0.004
6880.70991 14.612 0.004
6881.64958 14.655 0.004
6882.58202 14.677 0.004
6883.49584 14.668 0.004
6884.72170 14.653 0.004
6885.65357 14.581 0.004
6886.57852 14.559 0.004
6887.47893 14.564 0.004
6887.67600 14.658 0.004
6888.60921 14.591 0.004
6889.56020 14.575 0.004
6890.47927 14.596 0.004
6890.66986 14.629 0.004
6891.61487 14.567 0.004
6895.57034 14.645 0.004
6896.52803 14.676 0.004
6900.49935 14.565 0.004
6907.55980 14.633 0.004
6908.52876 14.562 0.004
6909.58509 14.671 0.004
6912.60062 14.628 0.004
6918.60929 14.560 0.004
6921.64215 14.630 0.004
6923.48768 14.668 0.004
6924.52989 14.561 0.004
6925.57023 14.669 0.004
6926.59461 14.567 0.004
6928.51416 14.659 0.004
6929.57932 14.568 0.004
6936.55255 14.675 0.004
6937.54961 14.580 0.004
6938.54906 14.629 0.004
6940.50913 14.583 0.004
6941.52734 14.642 0.004
6942.56690 14.604 0.004
6944.51174 14.658 0.004
6947.53018 14.667 0.004
6951.49408 14.569 0.004
6953.51213 14.658 0.004
6955.52550 14.675 0.004
7063.89226 14.561 0.004
7066.86121 14.574 0.004
7069.88432 14.599 0.004
7071.84309 14.625 0.004
7072.85093 14.605 0.004
7074.87973 14.562 0.004
7075.85582 14.633 0.004
7076.85731 14.652 0.004
7077.85499 14.560 0.004
7078.84571 14.658 0.004
7079.88692 14.577 0.004
7080.88076 14.623 0.004
7082.83509 14.597 0.004
7083.82971 14.614 0.004
7083.89724 14.668 0.004
7084.87732 14.644 0.004
7085.85011 14.566 0.004
7086.82919 14.640 0.004
7087.83148 14.653 0.004
7087.88518 14.582 0.004
7088.85650 14.594 0.004
7089.82105 14.664 0.004
7090.80964 14.642 0.004
7090.87755 14.571 0.004
7091.83100 14.607 0.004
7092.79700 14.675 0.004
7092.86423 14.674 0.004
7093.85311 14.561 0.004
7097.84372 14.677 0.004
7098.79454 14.665 0.004
7098.89181 14.560 0.004
7099.83341 14.598 0.004
7100.78233 14.662 0.004
7100.87306 14.664 0.004
7101.84386 14.573 0.004
7102.81942 14.627 0.004
7108.79405 14.666 0.004
7109.76313 14.670 0.004
7109.83597 14.584 0.004
7110.75503 14.570 0.004
7110.85687 14.653 0.004
7111.77784 14.671 0.004
7111.88786 14.611 0.004
7112.78523 14.602 0.004
7112.89586 14.613 0.004
7113.84103 14.663 0.004
7114.84874 14.616 0.004
7115.79292 14.563 0.004
7116.77180 14.633 0.004
7117.75396 14.683 0.004
7118.79277 14.582 0.004
7119.80320 14.685 0.004
7120.74833 14.651 0.004
7120.89331 14.605 0.004
7125.85596 14.572 0.004
7126.80044 14.580 0.004
7129.75096 14.579 0.004
7130.68872 14.623 0.004
7130.86779 14.611 0.004
7131.77681 14.575 0.004
7132.71262 14.572 0.004
7133.83866 14.600 0.004
7134.72579 14.605 0.004
7134.91149 14.674 0.004
7135.82487 14.676 0.004
7136.73395 14.674 0.004
7136.91714 14.614 0.004
7137.81235 14.619 0.004
7138.69892 14.625 0.004
7138.88552 14.585 0.004
7139.80631 14.565 0.004
7140.69971 14.568 0.004
7140.87892 14.673 0.004
7141.76200 14.676 0.004
7142.65955 14.668 0.004
7142.82819 14.598 0.004
7143.71089 14.603 0.004
7143.89457 14.630 0.004
7144.77118 14.653 0.004
7145.79698 14.594 0.004
7146.65343 14.571 0.004
7146.79032 14.674 0.004
7146.93212 14.559 0.004
7147.77303 14.599 0.004
7147.91666 14.643 0.004
7152.75690 14.669 0.004
7152.92318 14.610 0.004
7153.76012 14.575 0.004
7153.92577 14.678 0.004
7154.82306 14.667 0.004
7155.66685 14.673 0.004
7155.85546 14.583 0.004
7156.67785 14.587 0.004
7157.66110 14.604 0.004
7157.90228 14.566 0.004
7158.75496 14.585 0.004
7158.93936 14.678 0.004
7159.75674 14.623 0.004
7160.61512 14.587 0.004
7160.80247 14.620 0.004
7161.62666 14.665 0.004
7161.82839 14.613 0.004
7162.64708 14.561 0.004
7162.83162 14.667 0.004
7163.65688 14.666 0.004
7163.83974 14.565 0.004
7164.74325 14.573 0.004
7164.92572 14.656 0.004
7166.69095 14.674 0.004
7169.66447 14.663 0.004
7170.69591 14.594 0.004
7172.76458 14.588 0.004
7173.79453 14.670 0.004
7174.78228 14.576 0.004
7175.85036 14.676 0.004
7178.82181 14.667 0.004
7179.74380 14.671 0.004
7180.73763 14.575 0.004
7181.76068 14.669 0.004
7182.78053 14.579 0.004
7183.78396 14.639 0.004
7184.81896 14.632 0.004
7185.82574 14.595 0.004
7187.59819 14.592 0.004
7188.61239 14.676 0.004
7189.71542 14.635 0.004
7190.77567 14.586 0.004
7193.73633 14.605 0.004
7194.81021 14.671 0.004
7198.52747 14.565 0.004
7199.53261 14.658 0.004
7200.51389 14.656 0.004
7202.74856 14.617 0.004
7206.78078 14.600 0.004
7207.80204 14.635 0.004
7207.82246 14.654 0.004
7211.53640 14.592 0.004
7214.50289 14.596 0.004
7217.76640 14.583 0.004
7220.55960 14.637 0.004
7221.59101 14.625 0.004
7222.69644 14.676 0.004
7224.47064 14.673 0.004
7225.54481 14.586 0.004
7226.78912 14.640 0.004
7227.79984 14.652 0.004
7229.53118 14.677 0.004
7236.48084 14.577 0.004
7249.67950 14.681 0.004
7253.50800 14.661 0.004
7256.52959 14.667 0.004
7258.59620 14.679 0.004
7258.67251 14.602 0.004
7263.62212 14.677 0.004
7265.57816 14.577 0.004
7268.57777 14.615 0.004
7270.56724 14.564 0.004
7273.56899 14.573 0.004
7277.61198 14.650 0.004
7283.61780 14.564 0.004
7292.49194 14.578 0.004
7292.60992 14.631 0.004
7293.59428 14.672 0.004
7294.58733 14.564 0.004
7295.58134 14.635 0.004
7299.49786 14.674 0.004
7299.58856 14.610 0.004
7307.54052 14.669 0.004
7311.53821 14.581 0.004
7313.51177 14.626 0.004
7318.51339 14.660 0.004
7322.53788 14.604 0.004
7325.52879 14.638 0.004
7331.51787 14.671 0.004
7436.87876 14.618 0.004
7439.85614 14.603 0.004
7442.83948 14.573 0.004
7446.82894 14.653 0.004
7448.84138 14.597 0.004
7451.88376 14.658 0.004
7452.80518 14.674 0.004
7454.87933 14.671 0.004
7456.89852 14.649 0.004
7460.78595 14.674 0.004
7462.78572 14.602 0.004
7464.87941 14.621 0.004
7467.83617 14.610 0.004
7471.75941 14.671 0.004
7472.82985 14.575 0.004
7475.88612 14.657 0.004
7476.80009 14.674 0.004
7480.81383 14.575 0.004
7485.74913 14.677 0.004
7486.87686 14.671 0.004
7488.76215 14.632 0.004
7491.77443 14.576 0.004
7492.80714 14.660 0.004
7493.80449 14.630 0.004
7494.78107 14.572 0.004
7495.76128 14.655 0.004
7497.90750 14.676 0.004
7498.92470 14.577 0.004
7499.86937 14.627 0.004
7500.80915 14.673 0.004
7507.86588 14.605 0.004
7508.91153 14.648 0.004
7511.75666 14.638 0.004
7516.67380 14.584 0.004
7523.91179 14.635 0.004
7526.92621 14.667 0.004
7530.80693 14.676 0.004
7534.92007 14.658 0.004
7545.65850 14.680 0.005
7546.78045 14.664 0.005
7547.71407 14.678 0.005
7549.57873 14.594 0.005
7550.58528 14.629 0.005
7550.93022 14.670 0.005
7555.67648 14.674 0.005
7557.61472 14.571 0.005
7561.77597 14.563 0.005
7566.64234 14.664 0.005
7567.56648 14.681 0.005
7567.88579 14.686 0.005
7569.57704 14.638 0.005
7570.64451 14.569 0.005
7570.67289 14.560 0.005
7570.71661 14.589 0.005
7570.77352 14.649 0.005
7570.85879 14.673 0.005
7575.73173 14.568 0.005
7576.74181 14.673 0.005
7581.72960 14.630 0.005
7584.66141 14.600 0.005
7589.66513 14.575 0.005
7590.67509 14.669 0.005
7593.65564 14.675 0.005
7599.48934 14.601 0.004
7600.69534 14.616 0.004
7602.71969 14.570 0.004
7603.76260 14.677 0.004
7604.76814 14.565 0.004
7606.67960 14.671 0.004
7608.49368 14.681 0.004
7609.63496 14.653 0.004
7611.57319 14.582 0.004
7612.73066 14.611 0.004
7617.59286 14.611 0.005
7618.71136 14.571 0.005
7622.56191 14.572 0.005
7623.71439 14.582 0.005
7625.68222 14.678 0.005
7631.47790 14.578 0.005
7633.56469 14.585 0.005
7636.57738 14.627 0.005
7639.47743 14.570 0.005
7645.50583 14.655 0.005
7649.56220 14.567 0.005
7652.53938 14.586 0.005
7660.57350 14.619 0.005
7671.51935 14.580 0.005
7675.52061 14.658 0.005
7682.50084 14.597 0.005
7682.52230 14.597 0.004
7797.87759 14.607 0.004
7799.87221 14.562 0.004
7801.86224 14.673 0.004
7803.84220 14.647 0.004
7807.82839 14.635 0.004
7808.88527 14.644 0.004
7809.88760 14.655 0.004
7810.88417 14.572 0.004
7812.84048 14.664 0.004
7813.83145 14.563 0.004
7815.83772 14.625 0.004
7816.82941 14.593 0.004
7817.82594 14.670 0.004
7818.81219 14.615 0.004
7818.90261 14.580 0.004
7819.88903 14.670 0.004
7820.89174 14.607 0.004
7821.88936 14.603 0.004
7822.88526 14.675 0.004
7823.87037 14.589 0.004
7824.86640 14.616 0.004
7825.85818 14.677 0.004
7826.81658 14.616 0.004
7826.90658 14.574 0.004
7827.88136 14.656 0.004
7828.85069 14.661 0.004
7829.83282 14.570 0.004
7830.84413 14.665 0.004
7834.78343 14.665 0.004
7835.87544 14.653 0.004
7837.77988 14.634 0.004
7838.85114 14.653 0.004
7839.91479 14.556 0.004
7841.79891 14.648 0.004
7842.83958 14.605 0.004
7843.88138 14.650 0.004
7845.72715 14.675 0.004
7846.78541 14.591 0.004
7847.81130 14.675 0.004
7848.84061 14.569 0.004
7849.88035 14.682 0.004
7850.90976 14.565 0.004
7852.81835 14.670 0.004
7854.74525 14.567 0.004
7855.79074 14.684 0.004
7856.81722 14.573 0.004
7858.78775 14.674 0.004
7862.69747 14.616 0.004
7863.76910 14.665 0.004
7864.72765 14.664 0.004
7865.74622 14.573 0.004
7866.75839 14.669 0.004
7867.77745 14.563 0.004
7868.87541 14.671 0.004
7869.88710 14.559 0.004
7870.91350 14.670 0.004
7872.66480 14.669 0.004
7873.68371 14.596 0.004
7874.65827 14.594 0.004
7874.91462 14.555 0.004
7876.70153 14.563 0.004
7877.67910 14.647 0.004
7878.67116 14.663 0.004
7879.69185 14.582 0.004
7880.73592 14.676 0.004
7881.83166 14.649 0.004
7882.83938 14.642 0.004
7890.74913 14.657 0.004
7893.73161 14.676 0.004
7894.62311 14.671 0.004
7894.87485 14.640 0.004
7897.67916 14.629 0.004
7901.78549 14.674 0.004
7902.74407 14.585 0.004
7903.82157 14.681 0.004
7904.73454 14.681 0.004
7905.60022 14.677 0.004
7905.85623 14.657 0.004
7906.75696 14.651 0.004
7907.65170 14.664 0.004
7908.59764 14.673 0.004
7908.85174 14.669 0.004
7909.72636 14.662 0.004
7909.94417 14.590 0.004
7910.77058 14.574 0.004
7911.63642 14.598 0.004
7917.66757 14.600 0.004
7917.90464 14.568 0.004
7922.61273 14.590 0.004
7923.62775 14.637 0.004
7923.89159 14.598 0.004
7924.72214 14.559 0.004
7925.61986 14.560 0.004
7925.89287 14.568 0.004
7926.82843 14.578 0.004
7928.61852 14.583 0.004
7932.65876 14.642 0.004
7933.78755 14.664 0.004
7934.71141 14.666 0.004
7935.54433 14.682 0.004
7935.80122 14.649 0.004
7936.70449 14.657 0.004
7937.52550 14.599 0.004
7937.78399 14.573 0.004
7944.47337 14.672 0.004
7944.57801 14.567 0.004
7944.67956 14.628 0.004
7944.80220 14.653 0.004
7945.63637 14.677 0.004
7946.47724 14.647 0.004
7946.74200 14.612 0.004
7947.64667 14.633 0.004
7948.55921 14.654 0.004
7948.83160 14.627 0.004
7949.76782 14.666 0.004
7953.53547 14.591 0.004
7953.81075 14.573 0.004
7954.74366 14.608 0.004
7956.56278 14.647 0.004
7957.56045 14.648 0.004
7958.66039 14.662 0.004
7959.55913 14.678 0.004
7959.79695 14.620 0.004
7960.71545 14.652 0.004
7961.69456 14.663 0.004
7963.54577 14.570 0.004
7964.74974 14.562 0.004
7966.55583 14.573 0.004
7967.61596 14.667 0.004
7971.48959 14.658 0.004
7972.51842 14.596 0.004
7972.62283 14.671 0.004
7972.72840 14.594 0.004
7974.49412 14.617 0.004
7974.74501 14.661 0.004
7979.64060 14.597 0.004
7981.48884 14.657 0.004
7982.56818 14.571 0.004
7983.62130 14.672 0.004
7985.49800 14.574 0.004
7986.60821 14.660 0.004
7990.47339 14.654 0.004
7991.54084 14.633 0.004
7992.61070 14.570 0.004
7994.48747 14.622 0.004
8000.53885 14.660 0.004
8000.63742 14.564 0.004
8002.55657 14.673 0.004
8004.58911 14.642 0.004
8008.58673 14.612 0.004
8012.56736 14.607 0.004
8015.47501 14.562 0.004
8017.53332 14.560 0.004
8020.52660 14.564 0.004
8026.51731 14.614 0.004
8030.51339 14.642 0.004
8040.52576 14.679 0.004
8046.51096 14.658 0.004
8053.52057 14.636 0.004
8056.50490 14.654 0.004
8161.85507 14.666 0.004
8162.85693 14.567 0.004
8163.86060 14.666 0.004
8165.88017 14.612 0.004
8167.87137 14.561 0.004
8168.89334 14.659 0.004
8170.86179 14.566 0.004
8171.88333 14.678 0.004
8172.89521 14.577 0.004
8174.83950 14.671 0.004
8175.85187 14.590 0.004
8176.85751 14.622 0.004
8181.86391 14.580 0.004
8183.83186 14.628 0.004
8184.88835 14.648 0.004
8185.90895 14.623 0.004
8190.86109 14.664 0.004
8192.82682 14.574 0.004
8194.79154 14.647 0.004
8195.88506 14.658 0.004
8197.78107 14.624 0.004
8198.84416 14.662 0.004
8200.76421 14.594 0.004
8201.82110 14.673 0.004
8202.87338 14.564 0.004
8204.74575 14.646 0.004
8205.78532 14.608 0.004
8206.84117 14.652 0.004
8207.88370 14.569 0.004
8208.92298 14.648 0.004
8210.72614 14.680 0.004
8211.73558 14.587 0.004
8212.74269 14.630 0.004
8217.78333 14.632 0.004
8220.81840 14.680 0.004
8221.87078 14.568 0.004
8222.89986 14.672 0.004
8224.76770 14.608 0.004
8226.86444 14.584 0.004
8227.89623 14.653 0.004
8229.72188 14.683 0.004
8230.74201 14.561 0.004
8232.89549 14.616 0.004
8236.72676 14.587 0.004
8238.86165 14.648 0.004
8244.84989 14.668 0.004
8245.93349 14.603 0.004
8246.90716 14.668 0.004
8247.82596 14.672 0.004
8249.68721 14.588 0.004
8249.94232 14.639 0.004
8250.88946 14.570 0.004
8253.64422 14.610 0.004
8254.66727 14.674 0.004
8255.62126 14.590 0.004
8255.91514 14.587 0.004
8256.83319 14.564 0.004
8257.78857 14.603 0.004
8258.79311 14.667 0.004
8259.77496 14.586 0.004
8260.82921 14.656 0.004
8261.86567 14.569 0.004
8262.84143 14.610 0.004
8263.77474 14.647 0.004
8264.79641 14.611 0.004
8265.70789 14.571 0.004
8266.72815 14.645 0.004
8272.78119 14.639 0.004
8273.64877 14.663 0.004
8273.89556 14.668 0.004
8274.77466 14.670 0.004
8275.66523 14.668 0.004
8275.93187 14.655 0.004
8276.80676 14.634 0.004
8277.74560 14.688 0.004
8278.57667 14.628 0.004
8282.62539 14.563 0.004
8282.90621 14.578 0.004
8283.75660 14.635 0.004
8284.59174 14.672 0.004
8284.85255 14.668 0.004
8286.60482 14.652 0.004
8286.89926 14.650 0.004
8287.78039 14.641 0.004
8288.63891 14.607 0.004
8289.51851 14.603 0.004
8289.80566 14.598 0.004
8290.70145 14.601 0.004
8291.62316 14.631 0.004
8292.54048 14.652 0.004
8292.81390 14.636 0.004
8293.73101 14.662 0.004
8294.78453 14.570 0.004
8302.54221 14.582 0.004
8304.62263 14.584 0.004
8305.65750 14.666 0.004
8306.67635 14.563 0.004
8307.49525 14.613 0.004
8307.75597 14.658 0.004
8308.63094 14.667 0.004
8309.49871 14.670 0.004
8309.76221 14.665 0.004
8310.59994 14.630 0.004
8310.80951 14.565 0.004
8311.69182 14.559 0.004
8312.55963 14.585 0.004
8313.47725 14.555 0.004
8313.71490 14.624 0.004
8314.59180 14.645 0.004
8316.48022 14.575 0.004
8316.73615 14.564 0.004
8320.69391 14.632 0.004
8328.46551 14.667 0.004
8328.70645 14.640 0.004
8329.63279 14.671 0.004
8330.57639 14.666 0.004
8331.67587 14.653 0.004
8332.69308 14.626 0.004
8335.53379 14.650 0.004
8336.60933 14.566 0.004
8338.62766 14.614 0.004
8339.74107 14.669 0.004
8341.53938 14.677 0.004
8342.61623 14.618 0.004
8344.63221 14.567 0.004
8345.71588 14.658 0.004
8347.51940 14.619 0.004
8348.60610 14.670 0.004
8353.54235 14.581 0.004
8355.65461 14.611 0.004
8357.51435 14.666 0.004
8358.67500 14.655 0.004
8360.54205 14.657 0.004
8363.54979 14.599 0.004
8366.47734 14.655 0.004
8367.67030 14.645 0.004
8369.62132 14.643 0.004
8371.56714 14.583 0.004
8373.53275 14.676 0.004
8376.51105 14.677 0.004
8377.61153 14.629 0.004
8382.59444 14.572 0.004
8383.48768 14.571 0.004
8383.58031 14.656 0.004
8384.53107 14.667 0.004
8384.61976 14.574 0.004
8385.55353 14.570 0.004
8386.48655 14.599 0.004
8390.48983 14.652 0.004
8392.56106 14.662 0.004
8393.52027 14.571 0.004
8393.61129 14.623 0.004
8394.58831 14.672 0.004
8398.55161 14.582 0.004
8401.53811 14.571 0.004
8404.57007 14.592 0.004
8410.53389 14.633 0.004
8412.52494 14.553 0.004
8414.51404 14.643 0.004
8415.52913 14.585 0.004
8418.54069 14.633 0.004
8423.52725 14.571 0.004
